{"cells":[{"cell_type":"markdown","metadata":{"id":"yi3UrY_7eKyE"},"source":["# Explore your data with descriptive statistics"]},{"cell_type":"markdown","metadata":{"id":"8VbDAVC7eKyF"},"source":["***The time spent in understanding your data (BEFORE APPLYING ANY ML TECHNIQUES) is time well spent***. \n","\n","Suggestions and guidelines may differ, but here is what we use as a checklist:\n","\n","1. Look at the raw data\n","1. Dimensions\n","1. Data types\n","1. Descriptive statistics\n","1. Distribution of instances across classes\n","1. Correlations\n","1. Skews"]},{"cell_type":"markdown","metadata":{"id":"IEAc3YoHeKyI"},"source":["## 1. Raw data"]},{"cell_type":"code","execution_count":2,"metadata":{"colab":{"base_uri":"https://localhost:8080/","height":424},"executionInfo":{"elapsed":603,"status":"ok","timestamp":1679916725198,"user":{"displayName":"Daniele Bonacorsi","userId":"01397661520201218305"},"user_tz":-120},"id":"4bzJ5m6we73m","outputId":"e73dd08e-fd4d-4373-de56-f972b0c53987"},"outputs":[{"data":{"text/html":["<div>\n","<style scoped>\n","    .dataframe tbody tr th:only-of-type {\n","        vertical-align: middle;\n","    }\n","\n","    .dataframe tbody tr th {\n","        vertical-align: top;\n","    }\n","\n","    .dataframe thead th {\n","        text-align: right;\n","    }\n","</style>\n","<table border=\"1\" class=\"dataframe\">\n","  <thead>\n","    <tr style=\"text-align: right;\">\n","      <th></th>\n","      <th>preg</th>\n","      <th>plas</th>\n","      <th>pres</th>\n","      <th>skin</th>\n","      <th>test</th>\n","      <th>mass</th>\n","      <th>pedi</th>\n","      <th>age</th>\n","      <th>class</th>\n","    </tr>\n","  </thead>\n","  <tbody>\n","    <tr>\n","      <th>0</th>\n","      <td>6</td>\n","      <td>148</td>\n","      <td>72</td>\n","      <td>35</td>\n","      <td>0</td>\n","      <td>33.6</td>\n","      <td>0.627</td>\n","      <td>50</td>\n","      <td>1</td>\n","    </tr>\n","    <tr>\n","      <th>1</th>\n","      <td>1</td>\n","      <td>85</td>\n","      <td>66</td>\n","      <td>29</td>\n","      <td>0</td>\n","      <td>26.6</td>\n","      <td>0.351</td>\n","      <td>31</td>\n","      <td>0</td>\n","    </tr>\n","    <tr>\n","      <th>2</th>\n","      <td>8</td>\n","      <td>183</td>\n","      <td>64</td>\n","      <td>0</td>\n","      <td>0</td>\n","      <td>23.3</td>\n","      <td>0.672</td>\n","      <td>32</td>\n","      <td>1</td>\n","    </tr>\n","    <tr>\n","      <th>3</th>\n","      <td>1</td>\n","      <td>89</td>\n","      <td>66</td>\n","      <td>23</td>\n","      <td>94</td>\n","      <td>28.1</td>\n","      <td>0.167</td>\n","      <td>21</td>\n","      <td>0</td>\n","    </tr>\n","    <tr>\n","      <th>4</th>\n","      <td>0</td>\n","      <td>137</td>\n","      <td>40</td>\n","      <td>35</td>\n","      <td>168</td>\n","      <td>43.1</td>\n","      <td>2.288</td>\n","      <td>33</td>\n","      <td>1</td>\n","    </tr>\n","    <tr>\n","      <th>...</th>\n","      <td>...</td>\n","      <td>...</td>\n","      <td>...</td>\n","      <td>...</td>\n","      <td>...</td>\n","      <td>...</td>\n","      <td>...</td>\n","      <td>...</td>\n","      <td>...</td>\n","    </tr>\n","    <tr>\n","      <th>763</th>\n","      <td>10</td>\n","      <td>101</td>\n","      <td>76</td>\n","      <td>48</td>\n","      <td>180</td>\n","      <td>32.9</td>\n","      <td>0.171</td>\n","      <td>63</td>\n","      <td>0</td>\n","    </tr>\n","    <tr>\n","      <th>764</th>\n","      <td>2</td>\n","      <td>122</td>\n","      <td>70</td>\n","      <td>27</td>\n","      <td>0</td>\n","      <td>36.8</td>\n","      <td>0.340</td>\n","      <td>27</td>\n","      <td>0</td>\n","    </tr>\n","    <tr>\n","      <th>765</th>\n","      <td>5</td>\n","      <td>121</td>\n","      <td>72</td>\n","      <td>23</td>\n","      <td>112</td>\n","      <td>26.2</td>\n","      <td>0.245</td>\n","      <td>30</td>\n","      <td>0</td>\n","    </tr>\n","    <tr>\n","      <th>766</th>\n","      <td>1</td>\n","      <td>126</td>\n","      <td>60</td>\n","      <td>0</td>\n","      <td>0</td>\n","      <td>30.1</td>\n","      <td>0.349</td>\n","      <td>47</td>\n","      <td>1</td>\n","    </tr>\n","    <tr>\n","      <th>767</th>\n","      <td>1</td>\n","      <td>93</td>\n","      <td>70</td>\n","      <td>31</td>\n","      <td>0</td>\n","      <td>30.4</td>\n","      <td>0.315</td>\n","      <td>23</td>\n","      <td>0</td>\n","    </tr>\n","  </tbody>\n","</table>\n","<p>768 rows × 9 columns</p>\n","</div>"],"text/plain":["     preg  plas  pres  skin  test  mass   pedi  age  class\n","0       6   148    72    35     0  33.6  0.627   50      1\n","1       1    85    66    29     0  26.6  0.351   31      0\n","2       8   183    64     0     0  23.3  0.672   32      1\n","3       1    89    66    23    94  28.1  0.167   21      0\n","4       0   137    40    35   168  43.1  2.288   33      1\n","..    ...   ...   ...   ...   ...   ...    ...  ...    ...\n","763    10   101    76    48   180  32.9  0.171   63      0\n","764     2   122    70    27     0  36.8  0.340   27      0\n","765     5   121    72    23   112  26.2  0.245   30      0\n","766     1   126    60     0     0  30.1  0.349   47      1\n","767     1    93    70    31     0  30.4  0.315   23      0\n","\n","[768 rows x 9 columns]"]},"execution_count":2,"metadata":{},"output_type":"execute_result"}],"source":["import pandas as pd\n","\n","url = 'https://raw.githubusercontent.com/dbonacorsi/AMLBas2122/main/datasets/pima-indians-diabetes.data.csv'\n","\n","names = ['preg', 'plas', 'pres', 'skin', 'test', 'mass', 'pedi', 'age', 'class']\n","data = pd.read_csv(url, names=names)\n","data"]},{"cell_type":"markdown","metadata":{"id":"P2rf_G3leKyU"},"source":["More details can be found e.g. at https://www.kaggle.com/uciml/pima-indians-diabetes-database/data, and are summarized below:\n","\n","    Pregnancies = Number of times pregnant\n","    Glucose = Plasma glucose concentration a 2 hours in an oral glucose tolerance test numeric\n","    BloodPressure = Diastolic blood pressure (mm Hg)\n","    SkinThickness = Triceps skin fold thickness (mm)\n","    Insulin = 2-Hour serum insulin (mu U/ml)\n","    BMI = Body mass index (weight in kg/(height in m)^2)\n","    DiabetesPedigreeFunction = Diabetes pedigree function\n","    Age = Age (years)\n","    Outcome = Class variable (0 or 1)"]},{"cell_type":"markdown","metadata":{"id":"v1YMBt7neKyU"},"source":["## 2. Dimensions"]},{"cell_type":"code","execution_count":3,"metadata":{"colab":{"base_uri":"https://localhost:8080/"},"executionInfo":{"elapsed":11,"status":"ok","timestamp":1679916725198,"user":{"displayName":"Daniele Bonacorsi","userId":"01397661520201218305"},"user_tz":-120},"id":"qDqbhjG-eKyV","outputId":"b12d0d36-2880-4f68-968c-8050a8b58b94"},"outputs":[{"data":{"text/plain":["(768, 9)"]},"execution_count":3,"metadata":{},"output_type":"execute_result"}],"source":["shape = data.shape\n","shape"]},{"cell_type":"markdown","metadata":{"id":"GR8yH8gieKyX"},"source":["## 3. Data types"]},{"cell_type":"code","execution_count":4,"metadata":{"colab":{"base_uri":"https://localhost:8080/"},"executionInfo":{"elapsed":11,"status":"ok","timestamp":1679916725199,"user":{"displayName":"Daniele Bonacorsi","userId":"01397661520201218305"},"user_tz":-120},"id":"ZQVaTqTseKyZ","outputId":"64e9edb5-53de-483c-943b-75a3a224bc3a"},"outputs":[{"name":"stdout","output_type":"stream","text":["preg       int64\n","plas       int64\n","pres       int64\n","skin       int64\n","test       int64\n","mass     float64\n","pedi     float64\n","age        int64\n","class      int64\n","dtype: object\n"]}],"source":["types = data.dtypes\n","print(types)"]},{"cell_type":"markdown","metadata":{"id":"tQxh5K31eKyc"},"source":["## 4. Descriptive statistics"]},{"cell_type":"markdown","metadata":{"id":"mgOq3y0Mf0qG"},"source":["Help on pandas set_option [here](https://pandas.pydata.org/pandas-docs/stable/reference/api/pandas.set_option.html).\n"]},{"cell_type":"code","execution_count":5,"metadata":{"executionInfo":{"elapsed":10,"status":"ok","timestamp":1679916725199,"user":{"displayName":"Daniele Bonacorsi","userId":"01397661520201218305"},"user_tz":-120},"id":"FEJVkI7YeKyc"},"outputs":[],"source":["from pandas import set_option\n","\n","set_option('display.width', 200)\n","set_option('display.max_rows', 500)\n","set_option('display.max_columns', 500)\n","#set_option('precision', 3)        "]},{"cell_type":"code","execution_count":6,"metadata":{"colab":{"base_uri":"https://localhost:8080/"},"executionInfo":{"elapsed":10,"status":"ok","timestamp":1679916725199,"user":{"displayName":"Daniele Bonacorsi","userId":"01397661520201218305"},"user_tz":-120},"id":"SgoVWYfXeKye","outputId":"504af247-39a8-401c-9fc8-8176d32f36cd"},"outputs":[{"name":"stdout","output_type":"stream","text":["             preg        plas        pres        skin        test        mass        pedi         age       class\n","count  768.000000  768.000000  768.000000  768.000000  768.000000  768.000000  768.000000  768.000000  768.000000\n","mean     3.845052  120.894531   69.105469   20.536458   79.799479   31.992578    0.471876   33.240885    0.348958\n","std      3.369578   31.972618   19.355807   15.952218  115.244002    7.884160    0.331329   11.760232    0.476951\n","min      0.000000    0.000000    0.000000    0.000000    0.000000    0.000000    0.078000   21.000000    0.000000\n","25%      1.000000   99.000000   62.000000    0.000000    0.000000   27.300000    0.243750   24.000000    0.000000\n","50%      3.000000  117.000000   72.000000   23.000000   30.500000   32.000000    0.372500   29.000000    0.000000\n","75%      6.000000  140.250000   80.000000   32.000000  127.250000   36.600000    0.626250   41.000000    1.000000\n","max     17.000000  199.000000  122.000000   99.000000  846.000000   67.100000    2.420000   81.000000    1.000000\n"]}],"source":["description = data.describe()\n","print(description)"]},{"cell_type":"markdown","metadata":{"id":"vFhwujiAuSCV"},"source":["What can we learn from this simple overview of our data?\n","*   Are there missing entries anywhere?\n","*   Are the values of the features on the same scales?\n"]},{"cell_type":"markdown","metadata":{"id":"w8Nbo0iteKyg"},"source":["## 5. Class distribution \n","(only for classification problems)"]},{"cell_type":"code","execution_count":7,"metadata":{"colab":{"base_uri":"https://localhost:8080/"},"executionInfo":{"elapsed":9,"status":"ok","timestamp":1679916725199,"user":{"displayName":"Daniele Bonacorsi","userId":"01397661520201218305"},"user_tz":-120},"id":"9_Iw1fWieKyh","outputId":"781cb763-9c3a-4be7-aab4-2079f0507693"},"outputs":[{"name":"stdout","output_type":"stream","text":["class\n","0    500\n","1    268\n","dtype: int64\n"]}],"source":["class_counts = data.groupby('class').size()\n","print(class_counts)"]},{"cell_type":"markdown","metadata":{"id":"pHX3Gv7neKyj"},"source":["## 6. Correlations between attributes"]},{"cell_type":"code","execution_count":8,"metadata":{"colab":{"base_uri":"https://localhost:8080/","height":332},"executionInfo":{"elapsed":8,"status":"ok","timestamp":1679916725199,"user":{"displayName":"Daniele Bonacorsi","userId":"01397661520201218305"},"user_tz":-120},"id":"sOgz4w_ZeKyk","outputId":"149c0c28-09d5-4e9e-ec9d-c7f3f5245a21"},"outputs":[{"data":{"text/html":["<div>\n","<style scoped>\n","    .dataframe tbody tr th:only-of-type {\n","        vertical-align: middle;\n","    }\n","\n","    .dataframe tbody tr th {\n","        vertical-align: top;\n","    }\n","\n","    .dataframe thead th {\n","        text-align: right;\n","    }\n","</style>\n","<table border=\"1\" class=\"dataframe\">\n","  <thead>\n","    <tr style=\"text-align: right;\">\n","      <th></th>\n","      <th>preg</th>\n","      <th>plas</th>\n","      <th>pres</th>\n","      <th>skin</th>\n","      <th>test</th>\n","      <th>mass</th>\n","      <th>pedi</th>\n","      <th>age</th>\n","      <th>class</th>\n","    </tr>\n","  </thead>\n","  <tbody>\n","    <tr>\n","      <th>preg</th>\n","      <td>1.000000</td>\n","      <td>0.129459</td>\n","      <td>0.141282</td>\n","      <td>-0.081672</td>\n","      <td>-0.073535</td>\n","      <td>0.017683</td>\n","      <td>-0.033523</td>\n","      <td>0.544341</td>\n","      <td>0.221898</td>\n","    </tr>\n","    <tr>\n","      <th>plas</th>\n","      <td>0.129459</td>\n","      <td>1.000000</td>\n","      <td>0.152590</td>\n","      <td>0.057328</td>\n","      <td>0.331357</td>\n","      <td>0.221071</td>\n","      <td>0.137337</td>\n","      <td>0.263514</td>\n","      <td>0.466581</td>\n","    </tr>\n","    <tr>\n","      <th>pres</th>\n","      <td>0.141282</td>\n","      <td>0.152590</td>\n","      <td>1.000000</td>\n","      <td>0.207371</td>\n","      <td>0.088933</td>\n","      <td>0.281805</td>\n","      <td>0.041265</td>\n","      <td>0.239528</td>\n","      <td>0.065068</td>\n","    </tr>\n","    <tr>\n","      <th>skin</th>\n","      <td>-0.081672</td>\n","      <td>0.057328</td>\n","      <td>0.207371</td>\n","      <td>1.000000</td>\n","      <td>0.436783</td>\n","      <td>0.392573</td>\n","      <td>0.183928</td>\n","      <td>-0.113970</td>\n","      <td>0.074752</td>\n","    </tr>\n","    <tr>\n","      <th>test</th>\n","      <td>-0.073535</td>\n","      <td>0.331357</td>\n","      <td>0.088933</td>\n","      <td>0.436783</td>\n","      <td>1.000000</td>\n","      <td>0.197859</td>\n","      <td>0.185071</td>\n","      <td>-0.042163</td>\n","      <td>0.130548</td>\n","    </tr>\n","    <tr>\n","      <th>mass</th>\n","      <td>0.017683</td>\n","      <td>0.221071</td>\n","      <td>0.281805</td>\n","      <td>0.392573</td>\n","      <td>0.197859</td>\n","      <td>1.000000</td>\n","      <td>0.140647</td>\n","      <td>0.036242</td>\n","      <td>0.292695</td>\n","    </tr>\n","    <tr>\n","      <th>pedi</th>\n","      <td>-0.033523</td>\n","      <td>0.137337</td>\n","      <td>0.041265</td>\n","      <td>0.183928</td>\n","      <td>0.185071</td>\n","      <td>0.140647</td>\n","      <td>1.000000</td>\n","      <td>0.033561</td>\n","      <td>0.173844</td>\n","    </tr>\n","    <tr>\n","      <th>age</th>\n","      <td>0.544341</td>\n","      <td>0.263514</td>\n","      <td>0.239528</td>\n","      <td>-0.113970</td>\n","      <td>-0.042163</td>\n","      <td>0.036242</td>\n","      <td>0.033561</td>\n","      <td>1.000000</td>\n","      <td>0.238356</td>\n","    </tr>\n","    <tr>\n","      <th>class</th>\n","      <td>0.221898</td>\n","      <td>0.466581</td>\n","      <td>0.065068</td>\n","      <td>0.074752</td>\n","      <td>0.130548</td>\n","      <td>0.292695</td>\n","      <td>0.173844</td>\n","      <td>0.238356</td>\n","      <td>1.000000</td>\n","    </tr>\n","  </tbody>\n","</table>\n","</div>"],"text/plain":["           preg      plas      pres      skin      test      mass      pedi       age     class\n","preg   1.000000  0.129459  0.141282 -0.081672 -0.073535  0.017683 -0.033523  0.544341  0.221898\n","plas   0.129459  1.000000  0.152590  0.057328  0.331357  0.221071  0.137337  0.263514  0.466581\n","pres   0.141282  0.152590  1.000000  0.207371  0.088933  0.281805  0.041265  0.239528  0.065068\n","skin  -0.081672  0.057328  0.207371  1.000000  0.436783  0.392573  0.183928 -0.113970  0.074752\n","test  -0.073535  0.331357  0.088933  0.436783  1.000000  0.197859  0.185071 -0.042163  0.130548\n","mass   0.017683  0.221071  0.281805  0.392573  0.197859  1.000000  0.140647  0.036242  0.292695\n","pedi  -0.033523  0.137337  0.041265  0.183928  0.185071  0.140647  1.000000  0.033561  0.173844\n","age    0.544341  0.263514  0.239528 -0.113970 -0.042163  0.036242  0.033561  1.000000  0.238356\n","class  0.221898  0.466581  0.065068  0.074752  0.130548  0.292695  0.173844  0.238356  1.000000"]},"execution_count":8,"metadata":{},"output_type":"execute_result"}],"source":["set_option('display.width', 100)\n","#set_option('precision', 3)\n","\n","correlations = data.corr(method='pearson')\n","correlations"]},{"cell_type":"markdown","metadata":{"id":"faK8aUlOeKym"},"source":["## 7. Skew of Univariate Distributions"]},{"cell_type":"code","execution_count":9,"metadata":{"colab":{"base_uri":"https://localhost:8080/"},"executionInfo":{"elapsed":8,"status":"ok","timestamp":1679916725200,"user":{"displayName":"Daniele Bonacorsi","userId":"01397661520201218305"},"user_tz":-120},"id":"sSWpi84weKym","outputId":"07d4abca-87a3-44ba-dcf8-804b1cabc132"},"outputs":[{"name":"stdout","output_type":"stream","text":["preg     0.901674\n","plas     0.173754\n","pres    -1.843608\n","skin     0.109372\n","test     2.272251\n","mass    -0.428982\n","pedi     1.919911\n","age      1.129597\n","class    0.635017\n","dtype: float64\n"]}],"source":["skew = data.skew()\n","print(skew)"]},{"cell_type":"markdown","metadata":{"id":"m6AJvndSeKyo"},"source":["## Summary"]},{"cell_type":"markdown","metadata":{"id":"Spz--i03eKyp"},"source":["What we did:\n","\n","* we familiarized with some quick ways to have a glance at my dataset and try to describe and summarize it statistically\n","* we implemented these concepts by exploiting Pandas' functionalities: easy, basically one command each.\n","* remember to look carefully at the numbers, ask yourself questions as of whether things are as you see them, and note down evertything that comes to mind as it might well be useful at a later stage!"]},{"cell_type":"markdown","metadata":{"collapsed":true,"id":"yXKVEUMGeKyp"},"source":["## What's next"]},{"cell_type":"markdown","metadata":{"collapsed":true,"id":"6F4dybvyeKyp"},"source":["We did what we did with numbers. ***Isn't it frustrating?*** Time to make it with visualizations!"]}],"metadata":{"colab":{"collapsed_sections":["yXKVEUMGeKyp"],"provenance":[]},"kernelspec":{"display_name":"Python 3","language":"python","name":"python3"},"language_info":{"codemirror_mode":{"name":"ipython","version":3},"file_extension":".py","mimetype":"text/x-python","name":"python","nbconvert_exporter":"python","pygments_lexer":"ipython3","version":"3.10.6"}},"nbformat":4,"nbformat_minor":0}
